8 12 45 20 1 29 3
26 41 35 10 15 33 14
28 21 19 47 44 4 6
40 18 30 46 17 38 7
31 5 2 32 25 11 23
37 9 0 13 39 42 34
24 16 43 36 27 48 22

2 8 3 24 7 16 13
23 45 35 36 25 12 4
18 37 47 30 28 5 27
31 10 15 17 6 1 19
32 40 0 29 14 39 21
44 38 11 46 41 34 42
22 48 9 43 26 33 20

27 7 22 23 19 30 0
16 17 32 14 5 34 24
44 35 11 36 21 18 42
40 38 29 3 33 9 26
25 6 46 28 8 41 2
10 37 1 13 39 20 4
45 12 48 15 47 43 31

2 16 18 0 12 5 28
4 32 7 19 26 23 45
15 27 25 11 34 41 48
36 21 20 10 1 22 13
29 31 40 3 6 42 38
30 43 47 9 44 39 35
17 37 33 8 24 46 14

2 25 29 17 36 32 6
16 10 18 20 26 45 31
38 9 47 15 19 21 33
42 41 24 28 43 14 5
0 46 35 37 44 4 11
12 13 8 1 34 27 48
30 40 22 23 7 39 3
